0	0	0	0	0	0	0	0	0	0	0	0	0	0	0	0	0.121929	0.243857	0.243857	0.243857	0.243857	0.243857	0.243857	0.243857	0.243857	0.243857	0.243857	0.243857	0.243857	0.243857	0.243857	0.243857	0.243857	0.234932	0.222426	0.20969	0.193891	0.17875	0.157664	0.139448	0.120783	0.105221	0.0889093	0.0741077	0.0613824	0.0498801	0.0402176	0.0318409	0.0244286	0.0186289	0.0141525	0.0105329	0.00799023	0.00557325	0.00405133	0.00285934	0.00197175	0.00137047	0.000894161	0.00059447	0.000394782	0.000254286	0.000159786	8.57646e-05	4.28823e-05
0	0	0	0	0	0	0	0	0	0	0	0	0	0	0	0	0.138272	0.276543	0.276543	0.276543	0.276543	0.276543	0.276543	0.276543	0.276543	0.276543	0.276543	0.276543	0.276543	0.276543	0.276543	0.276543	0.276543	0.268074	0.255267	0.241223	0.221646	0.201979	0.180965	0.15878	0.139766	0.120556	0.100414	0.0857174	0.0711633	0.0572625	0.0462377	0.0364248	0.0286268	0.02167	0.0163663	0.0122688	0.00920126	0.00652764	0.00465419	0.00330363	0.00227926	0.00155467	0.00105022	0.000701437	0.000449765	0.00029088	0.000184172	0.000102843	4.85751e-05
0	0	0	0	0	0	0	0	0	0	0	0	0	0	0	0	0.169503	0.339006	0.339006	0.339006	0.339006	0.339006	0.339006	0.339006	0.339006	0.339006	0.339006	0.339006	0.339006	0.339006	0.339006	0.339006	0.339006	0.333199	0.320261	0.298868	0.27759	0.253985	0.226931	0.203058	0.17595	0.152036	0.128239	0.108114	0.088084	0.071602	0.0579392	0.0462193	0.0354764	0.0272582	0.0206333	0.0155437	0.0114343	0.00819746	0.00592866	0.00415264	0.00289081	0.00196644	0.00132655	0.000880208	0.000567142	0.000360279	0.00023705	0.000132142	6.0239e-05
0	0	0	0	0	0	0	0	0	0	0	0	0	0	0	0	0.214625	0.429251	0.429251	0.429251	0.429251	0.429251	0.429251	0.429251	0.429251	0.429251	0.429251	0.429251	0.429251	0.429251	0.429251	0.429251	0.429251	0.424105	0.406909	0.385809	0.357662	0.324693	0.29144	0.258519	0.225594	0.192603	0.163751	0.136886	0.111787	0.0915415	0.0732072	0.0580321	0.0454098	0.0349673	0.0267081	0.0198755	0.0145935	0.0107232	0.00753698	0.00534864	0.0037194	0.00252688	0.00171474	0.00113173	0.000729947	0.000471947	0.000306627	0.00017071	7.69829e-05
0	0	0	0	0	0	0	0	0	0	0	0	0	0	0	0	0.27175	0.5435	0.5435	0.5435	0.5435	0.5435	0.5435	0.5435	0.5435	0.5435	0.5435	0.5435	0.5435	0.5435	0.5435	0.5435	0.5435	0.536509	0.513296	0.485223	0.447923	0.406003	0.364906	0.322256	0.280877	0.241969	0.205763	0.171161	0.142431	0.114497	0.0925147	0.0735853	0.0577556	0.0440098	0.033184	0.0250148	0.0185034	0.0133482	0.00965776	0.00685171	0.00472594	0.00325664	0.00220855	0.00144293	0.000956661	0.000611352	0.000402466	0.0002226	9.9861e-05
0	0	0	0	0	0	0	0	0	0	0	0	0	0	0	0	0.331963	0.663927	0.663927	0.663927	0.663927	0.663927	0.663927	0.663927	0.663927	0.663927	0.663927	0.663927	0.663927	0.663927	0.663927	0.663927	0.663927	0.651024	0.625266	0.585628	0.539892	0.491922	0.443408	0.393378	0.341981	0.294238	0.249415	0.210813	0.17225	0.140661	0.113118	0.0905644	0.0699528	0.0537418	0.0413206	0.0310796	0.0228877	0.0167132	0.0119765	0.00851963	0.00600221	0.00409253	0.00275363	0.00183406	0.00120601	0.000777698	0.000512031	0.000284452	0.000128104
0	0	0	0	0	0	0	0	0	0	0	0	0	0	0	0	0.394395	0.78879	0.78879	0.78879	0.78879	0.78879	0.78879	0.78879	0.78879	0.78879	0.78879	0.78879	0.78879	0.78879	0.78879	0.78879	0.78879	0.769064	0.735955	0.688442	0.639576	0.581683	0.522431	0.461979	0.402081	0.346915	0.295489	0.247268	0.205131	0.165713	0.134801	0.107034	0.0834378	0.0647923	0.0497939	0.037386	0.0274235	0.0202348	0.014602	0.010425	0.00730494	0.00505371	0.00341783	0.0022828	0.00148702	0.000964991	0.000637469	0.000359144	0.000162416
0	0	0	0	0	0	0	0	0	0	0	0	0	0	0	0	0.445262	0.890525	0.890525	0.890525	0.890525	0.890525	0.890525	0.890525	0.890525	0.890525	0.890525	0.890525	0.890525	0.890525	0.890525	0.890525	0.890525	0.88054	0.843708	0.794466	0.732977	0.667874	0.598684	0.528765	0.462186	0.397516	0.338906	0.285725	0.234787	0.191984	0.154767	0.123756	0.0976081	0.0759486	0.058152	0.0434954	0.0326124	0.0239662	0.0174214	0.0124293	0.00880192	0.00605963	0.00415082	0.0027615	0.00182218	0.001188	0.000784048	0.000442078	0.000201498
0	0	0	0	0	0	0	0	0	0	0	0	0	0	0	0	0.496306	0.992613	0.992613	0.992613	0.992613	0.992613	0.992613	0.992613	0.992613	0.992613	0.992613	0.992613	0.992613	0.992613	0.992613	0.992613	0.992613	0.974613	0.933253	0.879032	0.814121	0.73696	0.664075	0.584314	0.509537	0.440588	0.375002	0.31533	0.261291	0.213834	0.172318	0.139565	0.109885	0.0856359	0.0660293	0.0499718	0.0376086	0.0276865	0.0201607	0.0144694	0.0102434	0.00715473	0.00493019	0.00330419	0.00218879	0.00143163	0.000957617	0.000536181	0.000245893
0	0	0	0	0	0	0	0	0	0	0	0	0	0	0	0	0.527458	1.05492	1.05492	1.05492	1.05492	1.05492	1.05492	1.05492	1.05492	1.05492	1.05492	1.05492	1.05492	1.05492	1.05492	1.05492	1.05492	1.03446	0.989876	0.929636	0.859118	0.779916	0.696752	0.616565	0.53967	0.464689	0.395025	0.333532	0.278492	0.22635	0.186062	0.149339	0.118904	0.0939334	0.0727342	0.0557314	0.0418858	0.0313838	0.0229197	0.0164613	0.0117928	0.00836524	0.00566536	0.00387238	0.00258156	0.00171742	0.00114231	0.000656906	0.000300933
0	0	0	0	0	0	0	0	0	0	0	0	0	0	0	0	0.533026	1.06605	1.06605	1.06605	1.06605	1.06605	1.06605	1.06605	1.06605	1.06605	1.06605	1.06605	1.06605	1.06605	1.06605	1.06605	1.06605	1.04099	0.994455	0.933398	0.858127	0.777946	0.699092	0.615426	0.537398	0.462712	0.393537	0.335491	0.279076	0.23078	0.189514	0.153935	0.123751	0.098362	0.0776209	0.0597106	0.0457147	0.0345592	0.0253127	0.0186606	0.0133551	0.00946419	0.0065323	0.00449073	0.00305791	0.00203456	0.00135499	0.000764499	0.000355144
0	0	0	0	0	0	0	0	0	0	0	0	0	0	0	0	0.504719	1.00944	1.00944	1.00944	1.00944	1.00944	1.00944	1.00944	1.00944	1.00944	1.00944	1.00944	1.00944	1.00944	1.00944	1.00944	1.00944	0.983311	0.936955	0.879904	0.809422	0.733914	0.651421	0.577447	0.504667	0.431862	0.372675	0.316965	0.266389	0.223071	0.185222	0.152962	0.123492	0.100796	0.0798334	0.0626243	0.0488438	0.0368598	0.0279459	0.0205388	0.0149256	0.0106572	0.00748763	0.00520005	0.0035683	0.0023323	0.00157502	0.000878535	0.000411226
0	0	0	0	0	0	0	0	0	0	0	0	0	0	0	0	0.442721	0.885442	0.885442	0.885442	0.885442	0.885442	0.885442	0.885442	0.885442	0.885442	0.885442	0.885442	0.885442	0.885442	0.885442	0.885442	0.885442	0.869432	0.832184	0.780359	0.71221	0.635289	0.569858	0.500092	0.434872	0.377992	0.327148	0.282296	0.24075	0.204719	0.174545	0.144936	0.120255	0.0996461	0.0802258	0.0645681	0.0508128	0.0393722	0.0302042	0.0225197	0.0164873	0.0119544	0.00846033	0.00591274	0.00403675	0.00269653	0.00181915	0.00101499	0.000475406
0	0	0	0	0	0	0	0	0	0	0	0	0	0	0	0	0.352397	0.704794	0.704794	0.704794	0.704794	0.704794	0.704794	0.704794	0.704794	0.704794	0.704794	0.704794	0.704794	0.704794	0.704794	0.704794	0.704794	0.692279	0.662915	0.611026	0.547051	0.491073	0.441088	0.389568	0.340661	0.296399	0.259326	0.227868	0.199334	0.17464	0.152163	0.129877	0.111916	0.0947838	0.079241	0.0651056	0.0522323	0.0414645	0.0322705	0.0244883	0.0183125	0.0133083	0.00951786	0.00665708	0.00464949	0.00311434	0.00212018	0.00119571	0.000557038
0	0	0	0	0	0	0	0	0	0	0	0	0	0	0	0	0.231476	0.462951	0.462951	0.462951	0.462951	0.462951	0.462951	0.462951	0.462951	0.462951	0.462951	0.462951	0.462951	0.462951	0.462951	0.462951	0.462951	0.456296	0.418017	0.372822	0.335956	0.307066	0.268197	0.234473	0.207364	0.18417	0.170098	0.156213	0.143831	0.133772	0.12266	0.110635	0.100016	0.0885733	0.0764544	0.0646394	0.0536529	0.0433082	0.0344531	0.0265906	0.0201641	0.0149585	0.0106616	0.00764076	0.00530492	0.00362836	0.00246242	0.00138398	0.000647007
0	0	0	0	0	0	0	0	0	0	0	0	0	0	0	0	-0.18334	-0.275003	-0.274989	-0.274961	-0.274904	-0.274791	-0.274564	-0.27411	-0.273203	-0.271388	-0.267757	-0.260497	-0.245977	-0.216935	-0.158853	-0.0426888	0.18964	0.173769	0.145286	0.117176	0.101481	0.0821838	0.0659762	0.0590952	0.0560406	0.0592153	0.0655329	0.0731531	0.0821917	0.0875341	0.0901585	0.0901753	0.0874719	0.08157	0.0738442	0.0649995	0.0551139	0.0458329	0.0368044	0.0291897	0.0223705	0.0168082	0.0121514	0.00875868	0.00608179	0.00413732	0.00284896	0.0016216	0.000756203
0	0	0	0	0	0	0	0	0	0	0	0	0	0	0	0	-0.275018	-0.275018	-0.275018	-0.275018	-0.275018	-0.275018	-0.275018	-0.275018	-0.275018	-0.275018	-0.275018	-0.275018	-0.275018	-0.275018	-0.275018	-0.275018	-0.157489	-0.138472	-0.149415	-0.145066	-0.147621	-0.148887	-0.140546	-0.122812	-0.0961261	-0.0671887	-0.0375453	-0.00702243	0.0182257	0.043305	0.0599385	0.0711362	0.0760106	0.0765701	0.0728886	0.0661744	0.0581601	0.0490477	0.0405042	0.0320504	0.0250994	0.0187434	0.0138372	0.00990307	0.00704718	0.00480787	0.00336951	0.00185454	0.000870249
0	0	0	0	0	0	0	0	0	0	0	0	0	0	0	0	-0.473948	-0.473948	-0.473948	-0.473948	-0.473948	-0.473948	-0.473948	-0.473948	-0.473948	-0.473948	-0.473948	-0.473948	-0.473948	-0.473948	-0.473948	-0.473948	-0.442872	-0.424268	-0.416917	-0.411018	-0.398466	-0.377999	-0.338768	-0.288765	-0.236802	-0.185133	-0.130098	-0.0814582	-0.0325027	0.00479447	0.0356621	0.0562112	0.0687178	0.0750472	0.0745484	0.0699777	0.0626595	0.0538401	0.0446609	0.0362408	0.0281341	0.021312	0.0158638	0.0115702	0.00810425	0.00563957	0.0038729	0.00219481	0.00102169
0	0	0	0	0	0	0	0	0	0	0	0	0	0	0	0	-0.685017	-0.685017	-0.685017	-0.685017	-0.685017	-0.685017	-0.685017	-0.685017	-0.685017	-0.685017	-0.685017	-0.685017	-0.685017	-0.685017	-0.685017	-0.685017	-0.677339	-0.675485	-0.664174	-0.642668	-0.615259	-0.565875	-0.502249	-0.431606	-0.356655	-0.280445	-0.205918	-0.133752	-0.072564	-0.0198638	0.0214605	0.0495985	0.0688865	0.0780062	0.0800604	0.0767081	0.0695734	0.0598466	0.0507418	0.040627	0.031946	0.0245637	0.0180813	0.0132381	0.00927783	0.0065123	0.00453618	0.00255452	0.00119207
0	0	0	0	0	0	0	0	0	0	0	0	0	0	0	0	-0.881091	-0.881091	-0.881091	-0.881091	-0.881091	-0.881091	-0.881091	-0.881091	-0.881091	-0.881091	-0.881091	-0.881091	-0.881091	-0.881091	-0.881091	-0.881091	-0.879642	-0.872946	-0.851699	-0.81864	-0.77015	-0.700118	-0.618847	-0.526769	-0.436868	-0.339051	-0.249248	-0.161828	-0.0890994	-0.0295489	0.0208188	0.0537334	0.0755216	0.0879305	0.0906802	0.0868147	0.0784293	0.0687944	0.0572094	0.0461521	0.0361788	0.0275622	0.0206347	0.0147989	0.0106479	0.00745223	0.00518925	0.0029077	0.00136659
0	0	0	0	0	0	0	0	0	0	0	0	0	0	0	0	-1.00912	-1.00912	-1.00912	-1.00912	-1.00912	-1.00912	-1.00912	-1.00912	-1.00912	-1.00912	-1.00912	-1.00912	-1.00912	-1.00912	-1.00912	-1.00912	-1.00816	-0.996099	-0.965911	-0.920622	-0.856416	-0.769385	-0.674989	-0.569024	-0.460473	-0.356444	-0.252327	-0.160789	-0.0835074	-0.0172929	0.0354718	0.0709309	0.0935707	0.104177	0.104889	0.100043	0.0898782	0.0781162	0.0645197	0.0519351	0.0407789	0.0309845	0.0229504	0.0166436	0.0119348	0.00837007	0.00579832	0.00320858	0.00152506
0	0	0	0	0	0	0	0	0	0	0	0	0	0	0	0	-1.05814	-1.05814	-1.05814	-1.05814	-1.05814	-1.05814	-1.05814	-1.05814	-1.05814	-1.05814	-1.05814	-1.05814	-1.05814	-1.05814	-1.05814	-1.05814	-1.05488	-1.03642	-1.00119	-0.947599	-0.867426	-0.775631	-0.667927	-0.551737	-0.440034	-0.328282	-0.226091	-0.13069	-0.0528482	0.0146078	0.0648746	0.0974116	0.118283	0.125659	0.124179	0.114298	0.102569	0.0875401	0.0727059	0.0579654	0.0453962	0.0342535	0.0253706	0.0184612	0.0130649	0.00917593	0.00631967	0.00352837	0.00168448
0	0	0	0	0	0	0	0	0	0	0	0	0	0	0	0	-1.03598	-1.03598	-1.03598	-1.03598	-1.03598	-1.03598	-1.03598	-1.03598	-1.03598	-1.03598	-1.03598	-1.03598	-1.03598	-1.03598	-1.03598	-1.03598	-1.02652	-1.00367	-0.959612	-0.89569	-0.813732	-0.715053	-0.601709	-0.492967	-0.378755	-0.267839	-0.170364	-0.0792282	-0.0049824	0.0566686	0.101983	0.131244	0.146284	0.149563	0.142916	0.131582	0.11614	0.0987679	0.0806372	0.0645596	0.0500988	0.0377271	0.027971	0.0199514	0.0142949	0.00991704	0.00681961	0.00380383	0.00182944
0	0	0	0	0	0	0	0	0	0	0	0	0	0	0	0	-0.946864	-0.946864	-0.946864	-0.946864	-0.946864	-0.946864	-0.946864	-0.946864	-0.946864	-0.946864	-0.946864	-0.946864	-0.946864	-0.946864	-0.946864	-0.946864	-0.936616	-0.905591	-0.860527	-0.79587	-0.709072	-0.611481	-0.510905	-0.400838	-0.287368	-0.188437	-0.0948641	-0.0139919	0.0524053	0.105448	0.141859	0.163322	0.172679	0.171624	0.162032	0.147021	0.128496	0.107709	0.0878801	0.0698323	0.0542376	0.0404552	0.0297887	0.0214384	0.0152076	0.0103009	0.00717497	0.0040016	0.00194368
0	0	0	0	0	0	0	0	0	0	0	0	0	0	0	0	-0.828499	-0.828499	-0.828499	-0.828499	-0.828499	-0.828499	-0.828499	-0.828499	-0.828499	-0.828499	-0.828499	-0.828499	-0.828499	-0.828499	-0.828499	-0.828499	-0.808702	-0.779747	-0.729507	-0.659405	-0.577467	-0.48692	-0.389149	-0.287621	-0.191405	-0.101283	-0.0173379	0.0482958	0.105633	0.147983	0.175651	0.191116	0.195428	0.188479	0.175102	0.157444	0.13521	0.113686	0.0917128	0.0730211	0.0559423	0.0420302	0.0306163	0.0220639	0.0154097	0.010549	0.00730107	0.00411711	0.00202026
0	0	0	0	0	0	0	0	0	0	0	0	0	0	0	0	-0.682568	-0.682568	-0.682568	-0.682568	-0.682568	-0.682568	-0.682568	-0.682568	-0.682568	-0.682568	-0.682568	-0.682568	-0.682568	-0.682568	-0.682568	-0.682568	-0.663583	-0.627677	-0.578256	-0.512717	-0.438284	-0.356786	-0.267555	-0.184947	-0.099526	-0.0210727	0.0435253	0.102102	0.146949	0.180109	0.201077	0.210287	0.20876	0.197985	0.181322	0.159997	0.138063	0.11435	0.0927483	0.0727137	0.055529	0.0417771	0.0305067	0.0217215	0.0151999	0.0103456	0.00728535	0.00394435	0.00198821
0	0	0	0	0	0	0	0	0	0	0	0	0	0	0	0	-0.541541	-0.541541	-0.541541	-0.541541	-0.541541	-0.541541	-0.541541	-0.541541	-0.541541	-0.541541	-0.541541	-0.541541	-0.541541	-0.541541	-0.541541	-0.541541	-0.524437	-0.493016	-0.442801	-0.384173	-0.320476	-0.242835	-0.171305	-0.0963175	-0.0278664	0.0350265	0.0912848	0.135515	0.171988	0.197923	0.212437	0.217211	0.210193	0.196594	0.178106	0.156697	0.132724	0.110509	0.0883655	0.0687449	0.0533985	0.0395503	0.0289419	0.0205496	0.0142717	0.00990441	0.00678	0.0037211	0.0019031
0	0	0	0	0	0	0	0	0	0	0	0	0	0	0	0	-0.427621	-0.427621	-0.427621	-0.427621	-0.427621	-0.427621	-0.427621	-0.427621	-0.427621	-0.427621	-0.427621	-0.427621	-0.427621	-0.427621	-0.427621	-0.427621	-0.411667	-0.38053	-0.332744	-0.284849	-0.223277	-0.161606	-0.100284	-0.0405449	0.0157931	0.0676061	0.110332	0.146563	0.175558	0.195296	0.205692	0.205825	0.198083	0.184922	0.166888	0.143498	0.121857	0.100678	0.0803637	0.0630014	0.0479295	0.0358738	0.0258639	0.0183892	0.0127842	0.00877878	0.00606236	0.00331756	0.00174022
0	0	0	0	0	0	0	0	0	0	0	0	0	0	0	0	-0.338067	-0.338067	-0.338067	-0.338067	-0.338067	-0.338067	-0.338067	-0.338067	-0.338067	-0.338067	-0.338067	-0.338067	-0.338067	-0.338067	-0.338067	-0.338067	-0.329065	-0.29809	-0.259641	-0.211829	-0.159407	-0.107819	-0.0575983	-0.00945733	0.0346593	0.0733895	0.107127	0.135738	0.15709	0.172875	0.179268	0.18021	0.173855	0.161545	0.143399	0.123819	0.104418	0.0860023	0.0689382	0.0531486	0.0399332	0.0296643	0.0215481	0.015146	0.0105937	0.00726037	0.00502109	0.00272929	0.00148984
0	0	0	0	0	0	0	0	0	0	0	0	0	0	0	0	-0.289201	-0.289201	-0.289201	-0.289201	-0.289201	-0.289201	-0.289201	-0.289201	-0.289201	-0.289201	-0.289201	-0.289201	-0.289201	-0.289201	-0.289201	-0.289201	-0.27612	-0.24727	-0.208079	-0.164292	-0.121183	-0.0782134	-0.0369997	-0.000640912	0.0305847	0.0588857	0.084442	0.104389	0.122412	0.132489	0.140491	0.139614	0.135274	0.124442	0.112082	0.0962777	0.0811442	0.0662529	0.0524999	0.0399354	0.030202	0.0222389	0.0159376	0.011336	0.00793655	0.00540446	0.00377927	0.00201414	0.00116799
0	0	0	0	0	0	0	0	0	0	0	0	0	0	0	0	-0.256767	-0.256767	-0.256767	-0.256767	-0.256767	-0.256767	-0.256767	-0.256767	-0.256767	-0.256767	-0.256767	-0.256767	-0.256767	-0.256767	-0.256767	-0.256767	-0.241215	-0.212466	-0.174678	-0.13659	-0.0988355	-0.0631671	-0.0326938	-0.00749627	0.0136096	0.031486	0.0470213	0.0603197	0.0737928	0.0818198	0.0855877	0.0884942	0.0859862	0.0813721	0.0723215	0.0620848	0.0512985	0.0425258	0.0335733	0.0250552	0.0185928	0.0135245	0.00964225	0.00688396	0.00473872	0.00324193	0.00226458	0.00114854	0.000772178
0	0	0	0	0	0	0	0	0	0	0	0	0	0	0	0	-0.228274	-0.228274	-0.228274	-0.228274	-0.228274	-0.228274	-0.228274	-0.228274	-0.228274	-0.228274	-0.228274	-0.228274	-0.228274	-0.228274	-0.228274	-0.228274	-0.215001	-0.187719	-0.151484	-0.117348	-0.0837581	-0.0562631	-0.0351335	-0.0196837	-0.00983802	-0.00221432	0.00385329	0.0133692	0.0156766	0.0208844	0.0272158	0.0303817	0.0301347	0.0291868	0.0267483	0.0228522	0.0189622	0.0163263	0.011979	0.00877145	0.0061297	0.0041038	0.0028685	0.00188771	0.00127664	0.000872779	0.000628449	0.000256814	0.000342997
0	0	0	0	0	0	0	0	0	0	0	0	0	0	0	0	-0.206557	-0.206557	-0.206557	-0.206557	-0.206557	-0.206557	-0.206557	-0.206557	-0.206557	-0.206557	-0.206557	-0.206557	-0.206557	-0.206557	-0.206557	-0.206557	-0.193392	-0.164188	-0.132091	-0.0997995	-0.0732987	-0.0535046	-0.0417435	-0.036746	-0.0368641	-0.0387233	-0.0406459	-0.0452898	-0.0438865	-0.0380661	-0.0364947	-0.0322749	-0.0273525	-0.0221523	-0.0193264	-0.0169793	-0.0140198	-0.0116571	-0.0101802	-0.00836284	-0.00696289	-0.005513	-0.00425856	-0.00312057	-0.00213031	-0.00150099	-0.00100846	-0.000645045	-0.000100682
0	0	0	0	0	0	0	0	0	0	0	0	0	0	0	0	-0.186048	-0.186048	-0.186048	-0.186048	-0.186048	-0.186048	-0.186048	-0.186048	-0.186048	-0.186048	-0.186048	-0.186048	-0.186048	-0.186048	-0.186048	-0.186048	-0.171343	-0.145191	-0.116321	-0.0885111	-0.0677851	-0.0558216	-0.0533593	-0.0588734	-0.0683013	-0.08056	-0.0922805	-0.0977863	-0.0990344	-0.10172	-0.0972756	-0.0916659	-0.0825149	-0.0735818	-0.0644147	-0.0559905	-0.0467626	-0.0395509	-0.0320222	-0.0255095	-0.0195473	-0.0147321	-0.0110261	-0.00791641	-0.00561097	-0.00383859	-0.0025793	-0.00150222	-0.000534299
0	0	0	0	0	0	0	0	0	0	0	0	0	0	0	0	-0.180373	-0.180373	-0.180373	-0.180373	-0.180373	-0.180373	-0.180373	-0.180373	-0.180373	-0.180373	-0.180373	-0.180373	-0.180373	-0.180373	-0.180373	-0.180373	-0.164548	-0.139179	-0.111748	-0.0894609	-0.0743848	-0.0704449	-0.0763559	-0.0883876	-0.107208	-0.126509	-0.143246	-0.153998	-0.161165	-0.161303	-0.157931	-0.14992	-0.13652	-0.121897	-0.106967	-0.0924899	-0.0789348	-0.0649799	-0.0514127	-0.040584	-0.0313549	-0.0235926	-0.0174349	-0.0125815	-0.00873325	-0.00597733	-0.00410375	-0.00232586	-0.000953385
0	0	0	0	0	0	0	0	0	0	0	0	0	0	0	0	-0.185405	-0.185405	-0.185405	-0.185405	-0.185405	-0.185405	-0.185405	-0.185405	-0.185405	-0.185405	-0.185405	-0.185405	-0.185405	-0.185405	-0.185405	-0.185405	-0.173854	-0.155529	-0.131253	-0.112789	-0.10562	-0.107234	-0.118405	-0.134716	-0.157556	-0.1817	-0.199949	-0.213125	-0.219467	-0.220665	-0.215828	-0.201997	-0.185808	-0.166177	-0.146146	-0.126207	-0.106012	-0.0858974	-0.0690984	-0.0549287	-0.042025	-0.0312962	-0.0230209	-0.0164384	-0.0116245	-0.00786359	-0.00544635	-0.00303338	-0.00132892
0	0	0	0	0	0	0	0	0	0	0	0	0	0	0	0	-0.194392	-0.194392	-0.194392	-0.194392	-0.194392	-0.194392	-0.194392	-0.194392	-0.194392	-0.194392	-0.194392	-0.194392	-0.194392	-0.194392	-0.194392	-0.194392	-0.218714	-0.203529	-0.184727	-0.174996	-0.169162	-0.171113	-0.182052	-0.200062	-0.22225	-0.245276	-0.263845	-0.276219	-0.281303	-0.278898	-0.266727	-0.250423	-0.229336	-0.20488	-0.179324	-0.153127	-0.12826	-0.105099	-0.0853789	-0.0662414	-0.0507793	-0.037803	-0.0276404	-0.0199075	-0.0138799	-0.00946251	-0.00649295	-0.00361373	-0.00164755
0	0	0	0	0	0	0	0	0	0	0	0	0	0	0	0	-0.280157	-0.373542	-0.373542	-0.373542	-0.373542	-0.373542	-0.373542	-0.37354	-0.373534	-0.373516	-0.373463	-0.373305	-0.372829	-0.371403	-0.367124	-0.354286	-0.315774	-0.299312	-0.286478	-0.272098	-0.262055	-0.267174	-0.276049	-0.291338	-0.30874	-0.32651	-0.336514	-0.341367	-0.340612	-0.330569	-0.315075	-0.292842	-0.26759	-0.237969	-0.207417	-0.175965	-0.147602	-0.121577	-0.0968784	-0.0755862	-0.0574524	-0.0428885	-0.0312365	-0.0223715	-0.0156072	-0.0106672	-0.00727338	-0.00402984	-0.00189246
0	0	0	0	0	0	0	0	0	0	0	0	0	0	0	0	-0.552693	-0.552693	-0.552693	-0.552693	-0.552693	-0.552693	-0.552693	-0.552693	-0.552693	-0.552693	-0.552693	-0.552693	-0.552693	-0.552693	-0.552693	-0.552693	-0.476738	-0.446142	-0.420883	-0.400465	-0.390042	-0.391366	-0.393851	-0.398886	-0.407207	-0.410389	-0.410583	-0.40792	-0.397843	-0.382363	-0.359123	-0.329736	-0.299708	-0.26585	-0.229688	-0.194038	-0.163086	-0.133003	-0.105359	-0.0819351	-0.0626133	-0.0461735	-0.0337815	-0.0240173	-0.0168224	-0.0112909	-0.00788882	-0.00423643	-0.00204296
0	0	0	0	0	0	0	0	0	0	0	0	0	0	0	0	-0.664699	-0.664699	-0.664699	-0.664699	-0.664699	-0.664699	-0.664699	-0.664699	-0.664699	-0.664699	-0.664699	-0.664699	-0.664699	-0.664699	-0.664699	-0.664699	-0.634221	-0.603952	-0.577174	-0.552489	-0.542924	-0.530315	-0.519879	-0.511722	-0.506064	-0.497365	-0.487836	-0.471851	-0.452161	-0.426942	-0.395096	-0.362704	-0.323306	-0.285987	-0.244333	-0.207809	-0.172542	-0.139921	-0.110689	-0.0858308	-0.0647696	-0.0482908	-0.0349526	-0.0249243	-0.0171692	-0.0118695	-0.00811232	-0.0043392	-0.00212739
0	0	0	0	0	0	0	0	0	0	0	0	0	0	0	0	-0.809516	-0.809516	-0.809516	-0.809516	-0.809516	-0.809516	-0.809516	-0.809516	-0.809516	-0.809516	-0.809516	-0.809516	-0.809516	-0.809516	-0.809516	-0.809516	-0.794533	-0.771418	-0.740843	-0.716763	-0.690114	-0.663085	-0.63947	-0.619071	-0.598131	-0.575652	-0.55227	-0.525531	-0.494734	-0.461588	-0.424773	-0.381585	-0.34057	-0.296827	-0.253358	-0.213341	-0.176351	-0.141682	-0.111776	-0.0858028	-0.0653019	-0.0482385	-0.0348391	-0.0247738	-0.0172011	-0.0118128	-0.00801729	-0.00437531	-0.00216756
0	0	0	0	0	0	0	0	0	0	0	0	0	0	0	0	-0.956234	-0.956234	-0.956234	-0.956234	-0.956234	-0.956234	-0.956234	-0.956234	-0.956234	-0.956234	-0.956234	-0.956234	-0.956234	-0.956234	-0.956234	-0.956234	-0.942488	-0.915067	-0.883242	-0.846022	-0.806679	-0.771095	-0.73547	-0.700053	-0.665576	-0.632363	-0.598059	-0.559988	-0.521084	-0.481358	-0.437321	-0.39134	-0.346194	-0.298682	-0.253716	-0.212512	-0.173907	-0.138738	-0.108844	-0.0838136	-0.0634731	-0.0465166	-0.0338508	-0.0239142	-0.0165485	-0.0113786	-0.00783054	-0.00427382	-0.00214713
0	0	0	0	0	0	0	0	0	0	0	0	0	0	0	0	-1.05394	-1.05394	-1.05394	-1.05394	-1.05394	-1.05394	-1.05394	-1.05394	-1.05394	-1.05394	-1.05394	-1.05394	-1.05394	-1.05394	-1.05394	-1.05394	-1.03899	-1.00813	-0.969267	-0.925113	-0.881096	-0.83188	-0.784546	-0.742503	-0.697455	-0.658407	-0.613869	-0.569915	-0.526558	-0.480282	-0.433911	-0.386519	-0.337792	-0.291499	-0.246607	-0.20526	-0.165787	-0.132248	-0.103575	-0.0803948	-0.0597336	-0.0442432	-0.0319608	-0.0224524	-0.0156654	-0.0107696	-0.00732943	-0.003982	-0.00204304
0	0	0	0	0	0	0	0	0	0	0	0	0	0	0	0	-1.07781	-1.07781	-1.07781	-1.07781	-1.07781	-1.07781	-1.07781	-1.07781	-1.07781	-1.07781	-1.07781	-1.07781	-1.07781	-1.07781	-1.07781	-1.07781	-1.05562	-1.02701	-0.984892	-0.939487	-0.883978	-0.832561	-0.781262	-0.731915	-0.686352	-0.639206	-0.592689	-0.549196	-0.502853	-0.457969	-0.412837	-0.364425	-0.320547	-0.272859	-0.232132	-0.190104	-0.154383	-0.123564	-0.0960872	-0.0733932	-0.0553795	-0.0404353	-0.0291063	-0.0207529	-0.0145183	-0.00983453	-0.00667306	-0.00369061	-0.00191122
0	0	0	0	0	0	0	0	0	0	0	0	0	0	0	0	-1.01458	-1.01458	-1.01458	-1.01458	-1.01458	-1.01458	-1.01458	-1.01458	-1.01458	-1.01458	-1.01458	-1.01458	-1.01458	-1.01458	-1.01458	-1.01458	-1.00471	-0.96581	-0.926837	-0.87078	-0.81246	-0.763311	-0.714191	-0.665581	-0.620346	-0.579991	-0.539598	-0.49788	-0.456915	-0.417047	-0.370473	-0.331942	-0.287239	-0.246789	-0.207714	-0.172438	-0.139414	-0.110464	-0.0865139	-0.0662857	-0.0490231	-0.0361326	-0.0263576	-0.0186252	-0.0128811	-0.0087084	-0.0060424	-0.00326147	-0.00172423
0	0	0	0	0	0	0	0	0	0	0	0	0	0	0	0	-0.89105	-0.89105	-0.89105	-0.89105	-0.89105	-0.89105	-0.89105	-0.89105	-0.89105	-0.89105	-0.89105	-0.89105	-0.89105	-0.89105	-0.89105	-0.89105	-0.865247	-0.835618	-0.771812	-0.724143	-0.682312	-0.631005	-0.588087	-0.544339	-0.513123	-0.478386	-0.450342	-0.420107	-0.383759	-0.348434	-0.317782	-0.282864	-0.245453	-0.211722	-0.179789	-0.147833	-0.120701	-0.0963451	-0.0744309	-0.056696	-0.0428139	-0.0317094	-0.0227277	-0.0160366	-0.0111491	-0.00751252	-0.00518023	-0.00283236	-0.00151886
0	0	0	0	0	0	0	0	0	0	0	0	0	0	0	0	-0.71656	-0.71656	-0.71656	-0.71656	-0.71656	-0.71656	-0.71656	-0.71656	-0.71656	-0.71656	-0.71656	-0.71656	-0.71656	-0.71656	-0.71656	-0.71656	-0.670176	-0.608346	-0.577971	-0.531099	-0.484396	-0.450176	-0.412139	-0.392618	-0.366928	-0.351316	-0.332504	-0.310344	-0.294265	-0.274241	-0.251634	-0.22535	-0.198284	-0.172919	-0.146959	-0.12171	-0.0991781	-0.0790208	-0.061652	-0.0474349	-0.0356655	-0.0263182	-0.0188715	-0.013499	-0.00920058	-0.00630494	-0.00436375	-0.00234768	-0.00128885
0	0	0	0	0	0	0	0	0	0	0	0	0	0	0	0	-0.571932	-0.571932	-0.571932	-0.571932	-0.571932	-0.571932	-0.571932	-0.571932	-0.571932	-0.571932	-0.571932	-0.571932	-0.571932	-0.571932	-0.571932	-0.571932	-0.426601	-0.375438	-0.322122	-0.286235	-0.259218	-0.230912	-0.217678	-0.205368	-0.202001	-0.198636	-0.198357	-0.198873	-0.195847	-0.187108	-0.176748	-0.1632	-0.147277	-0.131212	-0.11216	-0.093794	-0.0778421	-0.0622223	-0.048777	-0.0379102	-0.028513	-0.0209658	-0.0153204	-0.0107648	-0.00747623	-0.0051462	-0.0035093	-0.00187724	-0.00105536
0	0	0	0	0	0	0	0	0	0	0	0	0	0	0	0	-0.381283	-0.571918	-0.571904	-0.571876	-0.571821	-0.571709	-0.571487	-0.571042	-0.570153	-0.568374	-0.564817	-0.557701	-0.543471	-0.515011	-0.45809	-0.344247	-0.116563	-0.0733779	-0.0500996	-0.0268927	-0.00512102	0.00361899	-0.00121522	-0.0111463	-0.0269077	-0.0472522	-0.06285	-0.080283	-0.0902146	-0.0991034	-0.101843	-0.100093	-0.0950976	-0.0874094	-0.0771137	-0.0668602	-0.0561291	-0.045957	-0.036897	-0.0284718	-0.0217295	-0.016137	-0.0117321	-0.00834955	-0.00591089	-0.00397801	-0.00272592	-0.00148225	-0.000845873
0	0	0	0	0	0	0	0	0	0	0	0	0	0	0	0	0.0891227	0.178245	0.178245	0.178245	0.178245	0.178245	0.178245	0.178245	0.178245	0.178245	0.178245	0.178245	0.178245	0.178245	0.178245	0.178245	0.178245	0.1962	0.217545	0.229473	0.231278	0.219488	0.203998	0.171585	0.132943	0.101539	0.0641512	0.0343899	0.00514682	-0.0163508	-0.0310375	-0.042052	-0.046933	-0.0476255	-0.045503	-0.0415494	-0.0363768	-0.0306201	-0.0251799	-0.0199253	-0.0154489	-0.0115991	-0.00849596	-0.00618385	-0.00432584	-0.00298764	-0.00207375	-0.00113102	-0.000658963
0	0	0	0	0	0	0	0	0	0	0	0	0	0	0	0	0.210901	0.421802	0.421802	0.421802	0.421802	0.421802	0.421802	0.421802	0.421802	0.421802	0.421802	0.421802	0.421802	0.421802	0.421802	0.421802	0.421802	0.440345	0.447647	0.449576	0.43776	0.413636	0.373653	0.325473	0.279555	0.225361	0.176776	0.129819	0.0903544	0.0569395	0.0287045	0.0094418	-0.00497844	-0.0126389	-0.0179608	-0.0192967	-0.0187471	-0.017333	-0.0149259	-0.0125035	-0.00993991	-0.00767098	-0.00577739	-0.00425005	-0.00304101	-0.00211038	-0.00148861	-0.000801971	-0.000486978
0	0	0	0	0	0	0	0	0	0	0	0	0	0	0	0	0.316738	0.633476	0.633476	0.633476	0.633476	0.633476	0.633476	0.633476	0.633476	0.633476	0.633476	0.633476	0.633476	0.633476	0.633476	0.633476	0.633476	0.635992	0.637671	0.6244	0.598015	0.55994	0.505759	0.44986	0.385399	0.323064	0.260648	0.207027	0.155578	0.111992	0.078567	0.0497413	0.030337	0.0147745	0.00444202	-0.00113055	-0.00473152	-0.00649339	-0.00679811	-0.00636902	-0.00552039	-0.00447493	-0.00351754	-0.0026653	-0.00195313	-0.00139573	-0.000991277	-0.00054117	-0.000342716
0	0	0	0	0	0	0	0	0	0	0	0	0	0	0	0	0.387127	0.774254	0.774254	0.774254	0.774254	0.774254	0.774254	0.774254	0.774254	0.774254	0.774254	0.774254	0.774254	0.774254	0.774254	0.774254	0.774254	0.773656	0.76324	0.742599	0.707981	0.658946	0.60081	0.531571	0.46137	0.390954	0.321857	0.260413	0.202407	0.153596	0.113567	0.0802204	0.0556581	0.035561	0.0224008	0.0123505	0.0058427	0.00173855	-0.000515052	-0.001634	-0.00198823	-0.00198592	-0.00175138	-0.00144118	-0.00111377	-0.000828802	-0.00061013	-0.000334331	-0.000225682
0	0	0	0	0	0	0	0	0	0	0	0	0	0	0	0	0.426194	0.852389	0.852389	0.852389	0.852389	0.852389	0.852389	0.852389	0.852389	0.852389	0.852389	0.852389	0.852389	0.852389	0.852389	0.852389	0.852389	0.847198	0.832782	0.804857	0.767402	0.716132	0.649426	0.577408	0.504391	0.428821	0.357622	0.29272	0.231121	0.180189	0.135462	0.100149	0.0721305	0.0506144	0.0338403	0.0217769	0.0135367	0.00758974	0.00395593	0.00175324	0.000484183	-0.000173131	-0.000450109	-0.000523998	-0.000487379	-0.000402807	-0.000317106	-0.000180649	-0.000135444
0	0	0	0	0	0	0	0	0	0	0	0	0	0	0	0	0.437375	0.87475	0.87475	0.87475	0.87475	0.87475	0.87475	0.87475	0.87475	0.87475	0.87475	0.87475	0.87475	0.87475	0.87475	0.87475	0.87475	0.867218	0.848392	0.819178	0.778197	0.722318	0.658823	0.584205	0.511564	0.435998	0.367134	0.301949	0.240362	0.190454	0.145357	0.109576	0.0809077	0.0580474	0.0404325	0.027212	0.0179232	0.011099	0.00683604	0.00399834	0.00219192	0.00110104	0.000439808	0.000119337	-3.95093e-05	-0.00010133	-0.000113617	-7.11344e-05	-6.88594e-05
0	0	0	0	0	0	0	0	0	0	0	0	0	0	0	0	0.418131	0.836263	0.836263	0.836263	0.836263	0.836263	0.836263	0.836263	0.836263	0.836263	0.836263	0.836263	0.836263	0.836263	0.836263	0.836263	0.836263	0.831084	0.815473	0.783129	0.739726	0.686686	0.624523	0.556535	0.488281	0.418471	0.352596	0.288801	0.234803	0.186074	0.143925	0.109966	0.0817604	0.059498	0.0420482	0.0293987	0.0196624	0.0128811	0.00843407	0.00524595	0.00319303	0.00182814	0.0010126	0.000519119	0.000247705	9.78967e-05	2.40069e-05	3.6821e-06	-2.17258e-05
0	0	0	0	0	0	0	0	0	0	0	0	0	0	0	0	0.382624	0.765248	0.765248	0.765248	0.765248	0.765248	0.765248	0.765248	0.765248	0.765248	0.765248	0.765248	0.765248	0.765248	0.765248	0.765248	0.765248	0.758432	0.739992	0.71101	0.669495	0.624531	0.569225	0.506166	0.444989	0.381723	0.322599	0.265758	0.216603	0.173076	0.134561	0.102897	0.0770497	0.0569319	0.0408068	0.028708	0.0195447	0.0134896	0.00877221	0.00574462	0.00353138	0.00218683	0.0012765	0.00073838	0.000409697	0.000211815	0.000106399	4.81585e-05	8.8109e-06
0	0	0	0	0	0	0	0	0	0	0	0	0	0	0	0	0.335115	0.67023	0.67023	0.67023	0.67023	0.67023	0.67023	0.67023	0.67023	0.67023	0.67023	0.67023	0.67023	0.67023	0.67023	0.67023	0.67023	0.666192	0.652582	0.625492	0.592805	0.549363	0.498054	0.446995	0.389489	0.337731	0.283886	0.234691	0.191881	0.15253	0.120013	0.0924598	0.069658	0.0514394	0.0375814	0.0265742	0.0185378	0.0126346	0.00848602	0.00557181	0.00356888	0.00223013	0.00135983	0.000816836	0.00047026	0.000260709	0.00014684	7.2543e-05	2.7118e-05
0	0	0	0	0	0	0	0	0	0	0	0	0	0	0	0	0.286267	0.572534	0.572534	0.572534	0.572534	0.572534	0.572534	0.572534	0.572534	0.572534	0.572534	0.572534	0.572534	0.572534	0.572534	0.572534	0.572534	0.570253	0.555193	0.534378	0.502518	0.46535	0.423574	0.377096	0.33266	0.28591	0.240593	0.199553	0.164037	0.131415	0.103269	0.0792204	0.0599345	0.0448181	0.0328819	0.0234511	0.0164225	0.0112748	0.00774311	0.0050457	0.00331001	0.0020794	0.00129773	0.000797291	0.000467466	0.000271068	0.000158839	7.96217e-05	3.55799e-05
0	0	0	0	0	0	0	0	0	0	0	0	0	0	0	0	0.237978	0.475955	0.475955	0.475955	0.475955	0.475955	0.475955	0.475955	0.475955	0.475955	0.475955	0.475955	0.475955	0.475955	0.475955	0.475955	0.475955	0.469009	0.459799	0.440117	0.41227	0.381857	0.348024	0.311104	0.273315	0.235492	0.198918	0.166483	0.135464	0.109244	0.0856376	0.0660558	0.0501853	0.0376491	0.0276869	0.0198077	0.0139739	0.00969679	0.00662858	0.00439862	0.00286176	0.00182664	0.00115716	0.000713677	0.000431491	0.000252284	0.000151978	7.7469e-05	3.7683e-05
0	0	0	0	0	0	0	0	0	0	0	0	0	0	0	0	0.188602	0.377203	0.377203	0.377203	0.377203	0.377203	0.377203	0.377203	0.377203	0.377203	0.377203	0.377203	0.377203	0.377203	0.377203	0.377203	0.377203	0.375753	0.364395	0.349207	0.329171	0.305644	0.278147	0.248968	0.218633	0.188795	0.159212	0.132761	0.109221	0.0877545	0.0687821	0.0532916	0.04063	0.0303686	0.0223032	0.0160882	0.0114496	0.00799313	0.00543282	0.00360771	0.00237409	0.00152957	0.000973737	0.000610734	0.00037004	0.000222635	0.000135282	6.92868e-05	3.56566e-05
0	0	0	0	0	0	0	0	0	0	0	0	0	0	0	0	0.146795	0.293591	0.293591	0.293591	0.293591	0.293591	0.293591	0.293591	0.293591	0.293591	0.293591	0.293591	0.293591	0.293591	0.293591	0.293591	0.293591	0.290568	0.283554	0.27253	0.257806	0.238297	0.217039	0.19371	0.169822	0.145567	0.124574	0.10397	0.0849653	0.0679362	0.053969	0.0419939	0.0319627	0.0238743	0.0177594	0.0128147	0.00907989	0.00635759	0.0042818	0.00291422	0.00191045	0.0012394	0.000794834	0.000501124	0.000306073	0.000184926	0.000114141	5.82442e-05	3.13003e-05
0	0	0	0	0	0	0	0	0	0	0	0	0	0	0	0	0.116876	0.233751	0.233751	0.233751	0.233751	0.233751	0.233751	0.233751	0.233751	0.233751	0.233751	0.233751	0.233751	0.233751	0.233751	0.233751	0.233751	0.230569	0.225567	0.21703	0.204229	0.191483	0.176696	0.156498	0.134274	0.116643	0.100683	0.0822704	0.0678355	0.0549842	0.0430171	0.0340558	0.0257831	0.019618	0.0144264	0.010329	0.00760032	0.00512221	0.00352887	0.00237708	0.00157333	0.0010155	0.000671924	0.000411462	0.000254462	0.000152126	9.44853e-05	4.89059e-05	2.67354e-05
0	0	0	0	0	0	0	0	0	0	0	0	0	0	0	0	0.104552	0.209103	0.209103	0.209103	0.209103	0.209103	0.209103	0.209103	0.209103	0.209103	0.209103	0.209103	0.209103	0.209103	0.209103	0.209103	0.209103	0.207315	0.203226	0.195402	0.18704	0.177878	0.162439	0.141698	0.123439	0.108143	0.0905942	0.0760284	0.0625714	0.049977	0.0403349	0.0314563	0.0242544	0.0184271	0.0134953	0.0101092	0.00712085	0.00495795	0.00342319	0.00232197	0.00153583	0.0010278	0.000659308	0.00041611	0.00025591	0.00015672	9.80333e-05	4.89798e-05	3.78576e-05